22
NULL 0 NULL 0
Joined 0 0,255,0,255,0,0,0,0,0,0 NULL 0 0 0 	# Joined [4a 6f 69 6e 65 64 ]
|Broken|0|1 0 0,255,0,255,0,0,0,0,0,0 NULL 0 0 0 	# Broken
O 5 0,255,0,255,0,0,0,0,0,0 NULL -1 0 0 	# O [4f ]A
R 5 0,255,0,255,0,0,0,0,0,0 NULL -1 0 0 	# R [52 ]A
6 8 0,255,0,255,0,0,0,0,0,0 NULL 5 0 0 	# 6 [36 ]0
4 8 0,255,0,255,0,0,0,0,0,0 NULL 6 0 0 	# 4 [34 ]0
L 5 0,255,0,255,0,0,0,0,0,0 NULL -1 0 0 	# L [4c ]A
P 5 0,255,0,255,0,0,0,0,0,0 NULL -1 0 0 	# P [50 ]A
B 5 0,255,0,255,0,0,0,0,0,0 NULL -1 0 0 	# B [42 ]A
8 8 0,255,0,255,0,0,0,0,0,0 NULL 10 0 0 	# 8 [38 ]0
0 8 0,255,0,255,0,0,0,0,0,0 NULL 11 0 0 	# 0 [30 ]0
F 5 0,255,0,255,0,0,0,0,0,0 NULL -1 0 0 	# F [46 ]A
T 5 0,255,0,255,0,0,0,0,0,0 NULL -1 0 0 	# T [54 ]A
2 8 0,255,0,255,0,0,0,0,0,0 NULL 14 0 0 	# 2 [32 ]0
D 5 0,255,0,255,0,0,0,0,0,0 NULL -1 0 0 	# D [44 ]A
X 5 0,255,0,255,0,0,0,0,0,0 NULL -1 0 0 	# X [58 ]A
J 5 0,255,0,255,0,0,0,0,0,0 NULL -1 0 0 	# J [4a ]A
N 5 0,255,0,255,0,0,0,0,0,0 NULL -1 0 0 	# N [4e ]A
H 5 0,255,0,255,0,0,0,0,0,0 NULL -1 0 0 	# H [48 ]A
Z 5 0,255,0,255,0,0,0,0,0,0 NULL -1 0 0 	# Z [5a ]A
V 5 0,255,0,255,0,0,0,0,0,0 NULL -1 0 0 	# V [56 ]A
